1
0
1
3
4
6
7
9
10
12
13
15
16
18
19
21
22
24
25
27
28
30
31
33
34
36
37
39
40
42
43
45
46
48
49
51
52
54
55
57
58
60
61
63
64
66
67
69
70
72
73
75
76
78
79
81
82
84
85
87
88
90
91
93
94
96
97
99
100
102
103
105
106
108
109
111
112
114
115
117
118
120
121
123
124
126
127
129
130
132
133
135
136
138
139
141
142
144
145
147
148
150
151
153
154
156
157
159
160
162
163
165
166
168
169
171
172
174
175
177
178
180
181
183
184
186
187
189
190
192
193
195
196
198
199
201
202
204
205
207
208
210
211
213
214
216
217
219
220
222
223
225
226
228
229
231
232
234
235
237
238
240
241
243
244
246
247
249
250
252
253
255
256
258
259
261
262
264
265
267
268
270
271
273
274
276
277
279
280
282
283
285
286
288
289
291
292
294
295
297
298
300
301
303
304
306
307
309
310
312
313
315
316
318
319
321
322
324
325
327
328
330
331
333
334
336
337
339
340
342
343
345
346
348
349
351
352
354
355
357
358
360
361
363
364
366
367
369
370
372
373
375
376
378
379
381
382
384
385
387
388
390
391
393
394
396
397
399
400
402
403
405
406
408
409
411
412
414
415
417
418
420
421
423
424
426
427
429
430
432
433
435
436
438
439
441
442
444
445
447
448
450
451
453
454
456
457
459
460
462
463
465
466
468
469
471
472
474
475
477
478
480
481
483
484
486
487
489
490
492
493
495
496
498
499
501
502
504
505
507
508
510
511
513
514
516
517
519
520
522
523
525
526
528
529
531
532
534
535
537
538
540
541
543
544
546
547
549
550
552
553
555
556
558
559
561
562
564
565
567
568
570
571
573
574
576
577
579
580
582
583
585
586
588
589
591
592
594
595
597
598
600
601
603
604
606
607
609
610
612
613
615
616
618
619
621
622
624
625
627
628
630
631
633
634
636
637
639
640
642
643
645
646
648
649
651
652
654
655
657
658
660
661
663
664
666
667
669
670
672
673
675
676
678
679
681
682
684
685
687
688
690
691
693
694
696
697
699
700
702
703
705
706
708
709
711
712
714
715
717
718
720
721
723
724
726
727
729
730
732
733
735
736
738
739
741
742
744
745
747
748
750
751
753
754
756
757
759
760
762
763
765
766
768
769
771
772
774
775
777
778
780
781
783
784
786
787
789
790
792
793
795
796
798
799
801
802
804
805
807
808
810
811
813
814
816
817
819
820
822
823
825
826
828
829
831
832
834
835
837
838
840
841
843
844
846
847
849
850
852
853
855
856
858
859
861
862
864
865
867
868
870
871
873
874
876
877
879
880
882
883
885
886
888
889
891
892
894
895
897
898
900
901
903
904
906
907
909
910
912
913
915
916
918
919
921
922
924
925
927
928
930
931
933
934
936
937
939
940
942
943
945
946
948
949
951
952
954
955
957
958
960
961
963
964
966
967
969
970
972
973
975
976
978
979
981
982
984
985
987
988
990
991
993
994
996
997
999
1000
1002
1003
1005
1006
1008
1009
1011
1012
1014
1015
1017
1018
1020
1021
1023
1024
1026
1027
1029
1030
1032
1033
1035
1036
1038
1039
1041
1042
1044
1045
1047
1048
1050
1051
1053
1054
1056
1057
1059
1060
1062
1063
1065
1066
1068
1069
1071
1072
1074
1075
1077
1078
1080
1081
1083
1084
1086
1087
1089
1090
1092
1093
1095
1096
1098
1099
1101
1102
1104
1105
1107
1108
1110
1111
1113
1114
1116
1117
1119
1120
1122
1123
1125
1126
1128
1129
1131
1132
1134
1135
1137
1138
1140
1141
1143
1144
1146
1147
1149
1150
1152
1153
1155
1156
1158
1159
1161
1162
1164
1165
1167
1168
1170
1171
1173
1174
1176
1177
1179
1180
1182
1183
1185
1186
1188
1189
1191
1192
1194
1195
1197
1198
1200
1201
1203
1204
1206
1207
1209
1210
1212
1213
1215
1216
1218
1219
1221
1222
1224
1225
1227
1228
1230
1231
1233
1234
1236
1237
1239
1240
1242
1243
1245
1246
1248
1249
1251
1252
1254
1255
1257
1258
1260
1261
1263
1264
1266
1267
1269
1270
1272
1273
1275
1276
1278
1279
1281
1282
1284
1285
1287
1288
1290
1291
1293
1294
1296
1297
1299
1300
1302
1303
1305
1306
1308
1309
1311
1312
1314
1315
1317
1318
1320
1321
1323
1324
1326
1327
1329
1330
1332
1333
1335
1336
1338
1339
1341
1342
1344
1345
1347
1348
1350
1351
1353
1354
1356
1357
1359
1360
1362
1363
1365
1366
1368
1369
1371
1372
1374
1375
1377
1378
1380
1381
1383
1384
1386
1387
1389
1390
1392
1393
1395
1396
1398
1399
1401
1402
1404
1405
1407
1408
1410
1411
1413
1414
1416
1417
1419
1420
1422
1423
1425
1426
1428
1429
1431
1432
1434
1435
1437
1438
1440
1441
1443
1444
1446
1447
1449
1450
1452
1453
1455
1456
1458
1459
1461
1462
1464
1465
1467
1468
1470
1471
1473
1474
1476
1477
1479
1480
1482
1483
1485
1486
1488
1489
1491
1492
1494
1495
1497
1498
